10160806
10452605
1870108
1869569
4035552
1860860
1874187
6059830
1870105
1869823
4057254
8885982
9195689
9204519
10417339
8887313
7806738
10594481
10464916
10227934
10227939
10229161
1836027
8886506
10228618
10227932
10569360
10560832
8867781
2088136
10154581
1860371
9918457
10154408
9918454
9918453
10045126
9918467
9918464
10126673
10130379
1847757
1841445
555360
1838761
544313
555152
560469
1816108
1847770
1847773
1836028
1838205
1860373
536814
10464908
9927963
10588704
10590695
10412785
10590728
10589625
10588162
10588655
10589681
10590705
10228795
10228326
9303871
9342572
9902935
9615797
10228380
9912589
9195702
1861200
10154635
9204531
10163264
9457287
7808643
8884964
9488191
10227947
1874293
10048399
9996681
6059903
1873587
1870044
10194950
10578230
10562550
9266145
10154613
9532351
10011239
4055478
9539788
10437823
1836572
1860382
10417506
10437677
10560726
10593784
9423247
9878426
9692836
10594007
10349353
10438036
10418760
9867244
10418601
9199784
10228781
10417702
10418033
10228330
10201867
10437420
9401379
8884966
9484399
10432815
1874302
10076480
9991676
10594118
10248859
10593895
10438038
10579185
10562838
9268346
10154568
9291490
10023087
3998947
9343508
10418697
9683658
9993919
10417439
10437554
10230309
10579203
2083190
10437824
10588045
10588319
10588064
9342180
9382576
9884836
9816881
9917821
9195709
1861208
10154642
9204538
10223839
9300161
10416600
9383223
7809577
8884971
9429140
10227954
1874344
10102077
9931406
6055750
1873641
1870053
10194957
10579930
10563656
10154620
9283877
10034269
4065658
9533100
10437141
10437261
9346502
9357355
9904882
9703127
10418765
9871219
10418614
10418391
10417719
10418054
10228947
10204084
10437567
9489805
9864510
1875097
1861217
1874413
2088126
1874561
1870074
2088173
3848753
1837024
10228362
10228359
10228371
10435808
10437265
9878910
10418076
9642976
10345565
10228779
10438009
10418770
9867097
10417762
9195717
10418619
10418365
1861218
10228321
10228324
10157319
10437379
8884979
10432592
10228798
1874421
10417754
10099065
10418451
10418311
10418060
9942657
10417601
10233180
10438044
10581553
10565701
10014852
1837029
1837031
1837038
1837041
1837425
10437794
1837613
1837616
1837620
1837625
1837647
1837659
10437786
10437787
10437788
10437789
10591849
10591821
10591814
9916829
10417437
9954279
1836928
1836932
1836937
1836940
1836952
1836958
1836960
1836962
1836965
1860366
1836970
1836974
1836977
1836984
9296922
10436902
10417954
10106221
10418294
10418041
9933382
10417720
10418445
10417957
10288302
10580132
10564853
9274418
10033925
9413624
10437757
10437825
10417531
10437257
9309397
2045444
9504917
9876344
9614085
10228816
10437563
2088132
2042025
10432566
1957483
1957429
9955817
10229509
1870061
10580307
2062976
10028090
9489938
10560828
10437758
10560826
10437826
9201049
9199932
9200455
9199933
9200456
9918443
9918438
9918434
9918435
9918440
9918447
9918436
10154378
9918484
9918483
9918481
10045122
9918482
10589355
10588897
10590339
10590335
10589359
10589309
10589851
10588880
10589305
10589304
10588865
10589313
1836619
1836623
1836629
1836632
1836636
1836638
10437770
1837101
1836084
1838242
10417572
10437268
10418074
9874145
10418087
9690008
10338223
10438049
10418772
9866798
10417740
1837103
10417765
9195719
10418621
10418398
10376023
1861220
10228952
9204548
10156905
10437323
7810872
8884981
10464996
10436908
10227964
1874436
10417760
10100054
10418456
10229193
10376835
10418316
10418069
10001566
10417748
1836086
10228641
1874586
10285344
1870077
1838244
10438050
10194967
2088246
10033515
6002588
1863546
9199963
5990511
6005175
10437773
10437841
1837113
1836097
1838254
1837114
1836098
1838255
1837115
1836099
1838256
1838259
1838260
1838261
1838262
1838263
1838264
1838265
1838266
1838267
1838268
1838269
1838270
1838271
1838272
1838273
1838274
1838275
1838276
1837138
1836123
1838277
9201107
9199975
1837139
9200513
9199976
1836124
1838278
9200514
1837140
1836125
1838279
8858175
9304688
8975784
8858425
6716223
9201110
9199977
9478288
9887352
5931483
9615758
4548919
8661891
6120710
4569584
9877259
9195730
5882312
1863569
8695702
9200515
10154660
9204556
10177546
9199978
9415300
9524261
7812119
9305682
10227972
1874512
10049054
9933176
6059781
1874640
5683417
10567621
9264023
9200516
9272241
10011488
3809975
9342584
10560542
1837144
1836129
1838283
1837149
1836134
1838288
9201122
9199989
9200527
9199990
9200528
10432606
10437266
9460578
9466911
10418082
9902548
10418100
9629661
2088430
9886266
10417755
10417768
10418623
10418400
10417759
1863572
10418092
10154662
10228956
9204558
10203248
10437381
9543542
7812338
10464942
9413416
10432835
10227974
1874521
10417766
10071466
10229196
10418319
10418078
9983644
10417756
1836137
10228644
10230266
10438093
10568119
9288852
10028042
9369114
9496198
8982293
6661688
9201128
9199995
9466057
9883334
5949728
9759150
8778482
6124094
4575142
9879725
5980416
1863573
8820371
9200533
9204559
10182296
9199996
9512529
7920500
9265880
10227975
1874534
10149658
9934208
6059784
1874643
5829752
10568291
9315629
9200534
9287025
10011452
3974332
9375447
1837154
1836139
1838293
1837157
1836142
1838296
8858379
9201140
9200007
1837162
9200544
9200008
1836147
1838301
9200545
1837171
1837194
1836178
1838332
1837209
1836194
1838347
1837210
1836195
1838348
1837212
1836197
1838350
1837216
1836201
1838354
9201175
9200041
1837228
9200580
9200042
1836213
1838366
9200581
9201189
9200054
1837239
9200594
9200055
1836224
1838377
9200595
1837250
1836235
1838388
1837261
1836247
1838399
1837270
1836256
1838408
1837271
1836257
1838409
9201205
9200067
9200610
9200068
9200611
9201222
9200083
9200626
9200084
9200627
1837289
1836275
1838427
1837291
1836277
1838429
10454434
10454397
10454611
10454692
10455056
10454891
10455049
10454392
10454166
10454422
10454337
1837299
1836285
1838437
1838164
9201234
9200094
1837312
9200638
9200095
1836298
1838450
9200639
9201241
9200102
1837334
9200646
9200103
1836319
1838471
9200647
1837340
1836325
1838477
1837352
1836337
1838489
1837356
1836341
1838493
1837358
1836343
1838495
1837360
1836345
1838497
1837368
1836353
1838505
1837371
1836356
1838508
1838166
1837374
1836359
1838511
9201267
9200128
9200672
9200129
9200673
9201270
9200130
1837395
9200674
9200131
1836381
1838532
9200675
1837398
1836384
1838535
1837400
1836386
1838537
1838539
1837406
1836392
1838543
1837407
1836393
1838544
10154755
9201340
9200190
1837445
9200744
9200191
1836436
1838580
9200745
1838173
9547128
9547463
9905195
9862272
9918306
6058129
1865187
8807894
10197001
9547263
7923720
10227988
1874655
10091144
9967917
6059873
10581830
9368375
10039763
3813171
9404452
8991624
9472174
9891086
6029119
9850988
6680890
9916729
6067405
1865224
8836059
9200755
10156182
9537343
7925060
9488615
10227989
1874666
10123077
9998332
6059807
6029191
10581990
9303377
9345211
10043232
3814614
9537795
10589368
10590911
10589383
10590438
10589913
10591380
10559851
10559854
10559855
10559853
10559852
9969713
1837099
1836082
1838240
10437759
9201076
9199955
9200481
9199956
9200482
10417568
8858158
10437262
9192966
8963565
10560737
8858407
9166744
10593795
6639604
9194299
9201080
9199959
10418073
9891298
10418083
6002979
6122806
9629051
10594018
10349060
8778488
6667693
10438012
10418771
9901729
10417734
10417764
9195718
10418620
9199795
6042858
10418091
1861219
8809829
9200485
10154651
8956706
9204547
10183001
10437317
7810753
8884980
10464938
9178980
10593870
10417567
10227963
1874424
10417757
10048350
10418454
10229192
10418312
10418067
9943145
10417745
10594129
10418455
10228640
10259683
1870076
10593906
10438013
6032609
10194966
10582270
8943818
9200486
10041730
3831167
2088183
1836441
3807731
10559862
10591820
10591812
10591784
10591789
10591910
10591794
10591795
10591783
10591782
10591846
